0.0000000E+00 2.521026 0.0000000E+00 -12.95197 9.6423484E-02 -13.09823 9.6842527E-02
0.0000000E+00 9.264698 0.0000000E+00 -15.85422 0.1180298 -16.00194 0.1184978    
0.0000000E+00 46.48248 0.0000000E+00 -16.24178 0.1209151 -16.38779 0.1213927    
0.0000000E+00 94.90898 0.0000000E+00 -16.28618 0.1212457 -16.43212 0.1217251    
0.0000000E+00 2710.257 0.0000000E+00 -0.3390860 2.5243920E-03 -0.3421133 2.5343746E-03
0.0000000E+00 0.1502366 14.93727 -21.16133 0.1183419 -20.99387 0.1167152    
0.0000000E+00 0.4999942 14.93727 -40.08730 0.2241829 -40.99083 0.2263851    
0.0000000E+00 1.352887 14.93727 -20.72252 0.1158880  -21.17097 0.1172252    
0.0000000E+00 5.498472 14.93727 -11.57989 6.4758994E-02 -11.79190 6.5442443E-02
0.0000000E+00 39.21834 14.93727 -6.873459 3.8438912E-02 -6.989538 3.8820744E-02
0.0000000E+00 1.5055479E-03 7.372081 -9.089328 4.3996684E-02 0.7099943 6.7347288E-03
7.2559800E-05 1.5055479E-03 7.372081 -8.627491 4.1761175E-02 -3.324012 2.0893037E-02
1.5910380E-03 1.5055479E-03 7.372081 -0.9094149 4.4020023E-03 -0.9516979 4.5049265E-03
0.0000000E+00 2.6308827E-02 7.372081 -11.53403 5.5830218E-02 -5.555101 3.2332778E-02
7.2559800E-05 2.6308827E-02 7.372081 -10.94798 5.2993435E-02 -7.844964 4.0090024E-02
1.5910380E-03 2.6308827E-02 7.372081 -1.154015 5.5859843E-03 -1.205871 5.7143047E-03
0.0000000E+00 0.1560642 7.372081 -19.61076 9.4925426E-02 -19.90199 9.4842911E-02
7.2559800E-05 0.1560642 7.372081 -18.61431 9.0102129E-02 -18.99218 9.0425611E-02
1.5910380E-03 0.1560642 7.372081 -1.962115 9.4975745E-03 -2.039456 9.7021610E-03
0.0000000E+00 2.535630 7.372081 -3.921370 1.8981306E-02 -4.037213 1.9352019E-02
7.2559800E-05 2.535630 7.372081 -3.722121 1.8016845E-02 -3.832074 1.8368751E-02
1.5910380E-03 2.535630 7.372081 -0.3923450 1.8991372E-03 -0.4039449 1.9363500E-03
4.1749718E-04 2.5938575E-03 4.189918 -5.294095 2.5757026E-02 -5.316305 2.4978727E-02
2.2469158E-03 2.5938575E-03 4.189918 -7.462064 3.6304712E-02 -7.748460 3.6993742E-02
1.0810786E-02 2.5938575E-03 4.189918 -6.477865 3.1516351E-02 -6.670797 3.2105267E-02
3.7255820E-02 2.5938575E-03 4.189918 -4.114646 2.0018730E-02 -4.224978 2.0375490E-02
8.7530345E-02 2.5938575E-03 4.189918 -1.765623 8.5901767E-03 -1.812866 8.7448061E-03
0.2962957 2.5938575E-03 4.189918 -0.5067478 2.4654481E-03 -0.5202040 2.5097504E-03
2.436089 2.5938575E-03 4.189918 -0.1028545 5.0041167E-04 -0.1055782 5.0939806E-04
3.8801132E-05 4.6483994E-02 4.189918 -25.86813 0.1258546 -21.18894 0.1037018    
2.2469158E-03 4.6483994E-02 4.189918 -36.46130 0.1773929 -37.85511 0.1808825    
1.0810786E-02 4.6483994E-02 4.189918 -31.65228 0.1539959 -32.59410 0.1568799    
3.7255820E-02 4.6483994E-02 4.189918 -20.10507 9.7815938E-02 -20.64460 9.9560976E-02
8.7530345E-02 4.6483994E-02 4.189918 -8.627228 4.1973509E-02 -8.858044 4.2729020E-02
0.2962957 4.6483994E-02 4.189918 -2.476082 1.2046727E-02 -2.541852 1.2263268E-02
2.436089 4.6483994E-02 4.189918 -0.5025700 2.4451225E-03 -0.5158833 2.4890490E-03
3.8801132E-05 14.22437 4.189918 -2.412692 1.1738316E-02 -2.477438 1.1950761E-02
2.2469158E-03 14.22437 4.189918 -3.400706 1.6545242E-02 -3.491898 1.6844481E-02
1.0810786E-02 14.22437 4.189918 -2.952174 1.4363028E-02 -3.031222 1.4622509E-02
3.7255820E-02 14.22437 4.189918 -1.875178 9.1231875E-03 -1.925248 9.2876852E-03
8.7530345E-02 14.22437 4.189918 -0.8046521 3.9148233E-03 -0.8260958 3.9853528E-03
0.2962957 14.22437 4.189918 -0.2309415 1.1235850E-03 -0.2370748 1.1437926E-03
2.436089 14.22437 4.189918 -4.6874154E-02 2.2805388E-04 -4.8115559E-02 2.3214985E-04
0.0000000E+00 9.1362093E-04 1.248816 -229.9308 1.007213 23.47549 -3.4796238E-02
1.5829170E-04 9.1362093E-04 1.248816 -6.596799 2.8897312E-02 -5.687263 2.3118854E-02
0.0000000E+00 3.3164848E-02 1.248816 -43.56787 0.1908493 -37.93514 0.1565912    
1.5829170E-04 3.3164848E-02 1.248816 -1.249978 5.4755337E-03 -1.356566 5.5832639E-03
0.0000000E+00 0.0000000E+00 0.7325464 -93.73119 0.3999549 -17.95842 8.1005573E-02
0.0000000E+00 1.0581262E-02 0.7325464 -36.37554 0.1552160 -16.18904 6.6980124E-02
0.0000000E+00 2.4532290E-02 0.7028192 -67.48385 0.2773749 -41.42884 0.1617761    
0.0000000E+00 0.2378810 0.7028192 -30.66545 0.1260424 -31.96778 0.1291375    
0.0000000E+00 1.074915 2.046862 -79.16500 0.3191734 -83.37630 0.3323400    
0.0000000E+00 23.79388 2.046862 -18.35004 7.3982753E-02 -19.44835 7.7581763E-02
0.0000000E+00 1.4478653E-02 0.0000000E+00 -53.36591 0.2079417 -18.10226 6.7510515E-02
0.0000000E+00 9.230503 0.0000000E+00 -125.9955 0.4909448 -136.1967 0.5242972    
