0.0000000E+00 1.566914 0.0000000E+00 -10.94712 8.8808037E-02 -6.694919 5.1582456E-02
0.0000000E+00 6.156539 0.0000000E+00 -13.40012 0.1087079 -13.84973 0.1078200
0.0000000E+00 31.39899 0.0000000E+00 -13.72769 0.1113653 -14.02791 0.1124001
0.0000000E+00 86.10455 0.0000000E+00 -13.76522 0.1116698 -14.04612 0.1127350
0.0000000E+00 2607.248 0.0000000E+00 -0.2865984 2.3250175E-03 -0.2922977 2.3477450E-03
0.0000000E+00 8.0781221E-02 23.33538 -15.60378 9.7268611E-02 -0.9049628 5.0824210E-03
0.0000000E+00 0.2390534 23.33538 -29.55927 0.1842624 -6.323435 3.3067495E-02
0.0000000E+00 0.6644944 23.33538 -15.28022 9.5251642E-02 -8.035783 4.2220473E-02
0.0000000E+00 2.220202 23.33538 -8.538690 5.3227268E-02 -11.66604 5.9878528E-02
0.0000000E+00 18.70719 23.33538 -5.068299 3.1594038E-02 -5.306214 3.2473743E-02
0.0000000E+00 6.1689992E-04 14.70234 -5.505923 3.0451916E-02 -0.1770796 1.0652691E-03
1.8416495E-05 6.1689992E-04 14.70234 -5.226162 2.8904626E-02 -1.568427 7.2667524E-03
4.0382336E-04 6.1689992E-04 14.70234 -0.5508844 3.0468069E-03 -0.8896169 4.2580254E-03
0.0000000E+00 1.0478500E-02 14.70234 -6.986820 3.8642392E-02 -0.2983667 1.6972739E-03
1.8416495E-05 1.0478500E-02 14.70234 -6.631813 3.6678933E-02 -2.048596 9.4984770E-03
4.0382336E-04 1.0478500E-02 14.70234 -0.6990527 3.8662895E-03 -1.127796 5.3996481E-03
0.0000000E+00 9.0046331E-02 14.70234 -11.87935 6.5701790E-02 -1.315478 6.8731308E-03
1.8416495E-05 9.0046331E-02 14.70234 -11.27574 6.2363390E-02 -4.094660 1.9247442E-02
4.0382336E-04  9.0046331E-02 14.70234 -1.188565 6.5736622E-03 -1.894225 9.0982988E-03
0.0000000E+00 1.572534 14.70234 -2.375397 1.3137742E-02 -2.299321 1.1435799E-02
1.8416495E-05 1.572534 14.70234 -2.254701 1.2470200E-02 -2.362468 1.1679932E-02
4.0382336E-04 1.572534 14.70234 -0.2376657 1.3144709E-03 -0.3205463 1.6149506E-03
1.5523653E-04 1.0645973E-03 8.925848 -3.273693 1.8116001E-02 -3.164879 1.5195698E-02
9.1944111E-04 1.0645973E-03 8.925848 -4.614293 2.5534632E-02 -5.238352 2.7654499E-02
5.7325303E-03 1.0645973E-03 8.925848 -4.005697 2.2166777E-02 -4.227794 2.2996008E-02
2.3354201E-02 1.0645973E-03 8.925848 -2.544361 1.4080015E-02 -2.683706 1.4625371E-02
5.6633580E-02 1.0645973E-03 8.925848 -1.091803 6.0418327E-03 -1.151643 6.2789991E-03
0.2059036 1.0645973E-03 8.925848 -0.3133560 1.7340535E-03 -0.3305163 1.8024258E-03
1.856465 1.0645973E-03 8.925848 -6.3601822E-02 3.5196057E-04 -6.7086235E-02 3.6586449E-04
2.9569099E-05 1.9078434E-02 8.925848 -15.99599 8.8518821E-02 -5.531361 2.7699769E-02
9.1944111E-04 1.9078434E-02 8.925848 -22.54646 0.1247679 -25.58695 0.1350993
5.7325303E-03 1.9078434E-02 8.925848 -19.57272 0.1083118 -20.65808 0.1123644
2.3354201E-02 1.9078434E-02 8.925848 -12.43231 6.8798065E-02 -13.11323 7.1462989E-02
5.6633580E-02 1.9078434E-02 8.925848 -5.334792 2.9521734E-02 -5.627163 3.0680507E-02
0.2059036 1.9078434E-02 8.925848 -1.531127 8.4729707E-03 -1.614993 8.8071227E-03
1.856465 1.9078434E-02 8.925848 -0.3107727 1.7197576E-03 -0.3277993 1.7876998E-03
2.9569099E-05 5.838110 8.925848 -1.491928 8.2560517E-03 -1.664622 8.8034272E-03
9.1944111E-04 5.838110 8.925848 -2.102884 1.1636964E-02 -2.254893 1.2185603E-02
5.7325303E-03 5.838110 8.925848 -1.825527 1.0102122E-02 -1.927511 1.0488302E-02
2.3354201E-02 5.838110 8.925848 -1.159548 6.4167217E-03 -1.223212 6.6663772E-03
5.6633580E-02 5.838110 8.925848 -0.4975702 2.7534601E-03 -0.5248532 2.8616264E-03
0.2059036 5.838110 8.925848 -0.1428065 7.9026463E-04 -0.1506298 8.2143582E-04
1.856465 5.838110 8.925848 -2.8985422E-02 1.6039990E-04 -3.0573308E-02 1.6673608E-04
0.0000000E+00 2.5231912E-04 3.112080 -107.1654 0.5450255 -1.701766 8.1869736E-03
5.0411290E-05 2.5231912E-04 3.112080 -3.074613 1.5636979E-02 -1.547318 6.9322996E-03
0.0000000E+00 2.0033853E-02 3.112080 -20.30596 0.1032728 -0.8503497 3.9449744E-03
5.0411290E-05 2.0033853E-02 3.112080 -0.5825853 2.9629334E-03 -0.3030714 1.3592946E-03
0.0000000E+00 0.0000000E+00 1.673853 -39.43874 0.1958099 -10.82180 5.1513791E-02
0.0000000E+00 3.6525794E-03 1.673853 -15.30553 7.5990610E-02 -4.170672 1.9919112E-02
0.0000000E+00 9.0299994E-03 1.233511 -22.86462 0.1101382 -8.458576 3.9384723E-02
0.0000000E+00 0.1390852 1.233511 -10.38995 5.0048079E-02 -4.490623 2.0863801E-02
0.0000000E+00 1.072179 2.305403 -23.03228 0.1092485 -12.66815 5.8586240E-02
0.0000000E+00 36.42743 2.305403 -5.338764 2.5323246E-02 -6.013381 2.7962312E-02
0.0000000E+00 8.9449668E-03 0.0000000E+00 -10.48657 4.8553482E-02 -3.8466677E-02 1.8018100E-04
0.0000000E+00 5.702640 0.0000000E+00 -24.75851 0.1146334 -24.49241 0.1115987